{
 "cells": [
  {
   "cell_type": "code",
   "execution_count": 1,
   "id": "32616568-c880-4deb-874d-d00c64610273",
   "metadata": {},
   "outputs": [],
   "source": [
    "import numpy as np"
   ]
  },
  {
   "cell_type": "code",
   "execution_count": 6,
   "id": "4826f449-844e-4d73-bfe0-c95f36714d4e",
   "metadata": {},
   "outputs": [
    {
     "data": {
      "text/plain": [
       "array([[ 0,  2,  4],\n",
       "       [ 6,  8, 10],\n",
       "       [12, 14, 16]])"
      ]
     },
     "execution_count": 6,
     "metadata": {},
     "output_type": "execute_result"
    }
   ],
   "source": [
    "ndarray_even = np.arange(0, 18, 2).reshape(3, 3)\n",
    "ndarray_even"
   ]
  },
  {
   "cell_type": "code",
   "execution_count": 5,
   "id": "dfca410e-56d8-45a7-9a9e-5ffce870d211",
   "metadata": {},
   "outputs": [
    {
     "data": {
      "text/plain": [
       "array([[ 1,  3,  5],\n",
       "       [ 7,  9, 11],\n",
       "       [13, 15, 17]])"
      ]
     },
     "execution_count": 5,
     "metadata": {},
     "output_type": "execute_result"
    }
   ],
   "source": [
    "ndarray_odd = np.arange(1, 19, 2).reshape(3, 3)\n",
    "ndarray_odd"
   ]
  },
  {
   "cell_type": "code",
   "execution_count": 8,
   "id": "3af7f995-3e4d-4b9d-89f4-dc0d7f82c990",
   "metadata": {},
   "outputs": [
    {
     "data": {
      "text/plain": [
       "array([[ 0,  2,  4,  1,  3,  5],\n",
       "       [ 6,  8, 10,  7,  9, 11],\n",
       "       [12, 14, 16, 13, 15, 17]])"
      ]
     },
     "execution_count": 8,
     "metadata": {},
     "output_type": "execute_result"
    }
   ],
   "source": [
    "np.concatenate([ndarray_even, ndarray_odd], axis=1)"
   ]
  },
  {
   "cell_type": "code",
   "execution_count": 14,
   "id": "320fe386-44f3-405a-a031-59f59a0a75be",
   "metadata": {},
   "outputs": [
    {
     "data": {
      "text/plain": [
       "array([[[ 0,  1],\n",
       "        [ 2,  3],\n",
       "        [ 4,  5]],\n",
       "\n",
       "       [[ 6,  7],\n",
       "        [ 8,  9],\n",
       "        [10, 11]],\n",
       "\n",
       "       [[12, 13],\n",
       "        [14, 15],\n",
       "        [16, 17]]])"
      ]
     },
     "execution_count": 14,
     "metadata": {},
     "output_type": "execute_result"
    }
   ],
   "source": [
    "np.stack([ndarray_even, ndarray_odd], axis=-1)"
   ]
  },
  {
   "cell_type": "code",
   "execution_count": 12,
   "id": "4e9b7c4d-2657-43f0-826b-5a5f628830a6",
   "metadata": {},
   "outputs": [
    {
     "data": {
      "text/plain": [
       "array([[[ 0,  2,  4],\n",
       "        [ 6,  8, 10],\n",
       "        [12, 14, 16]],\n",
       "\n",
       "       [[ 1,  3,  5],\n",
       "        [ 7,  9, 11],\n",
       "        [13, 15, 17]]])"
      ]
     },
     "execution_count": 12,
     "metadata": {},
     "output_type": "execute_result"
    }
   ],
   "source": [
    "stacked_array = _\n",
    "stacked_array"
   ]
  },
  {
   "cell_type": "code",
   "execution_count": 13,
   "id": "3c55d0d9-2cfb-4a27-9c49-c26735a4cac8",
   "metadata": {},
   "outputs": [
    {
     "data": {
      "text/plain": [
       "(2, 3, 3)"
      ]
     },
     "execution_count": 13,
     "metadata": {},
     "output_type": "execute_result"
    }
   ],
   "source": [
    "stacked_array.shape"
   ]
  },
  {
   "cell_type": "code",
   "execution_count": 19,
   "id": "f1c43c94-ae5d-4200-99dd-3133a25fa3b7",
   "metadata": {},
   "outputs": [
    {
     "data": {
      "text/plain": [
       "array([[ 0.30471708, -1.03998411,  0.7504512 ,  0.94056472],\n",
       "       [-1.95103519, -1.30217951,  0.1278404 , -0.31624259],\n",
       "       [-0.01680116, -0.85304393,  0.87939797,  0.77779194]])"
      ]
     },
     "execution_count": 19,
     "metadata": {},
     "output_type": "execute_result"
    }
   ],
   "source": [
    "rng = np.random.default_rng(42)\n",
    "ndarray = rng.standard_normal((3, 4))\n",
    "ndarray"
   ]
  },
  {
   "cell_type": "code",
   "execution_count": 20,
   "id": "1f6be060-1ff5-4a65-810d-7ad92f4af001",
   "metadata": {},
   "outputs": [
    {
     "data": {
      "text/plain": [
       "(3, 4)"
      ]
     },
     "execution_count": 20,
     "metadata": {},
     "output_type": "execute_result"
    }
   ],
   "source": [
    "ndarray.shape"
   ]
  },
  {
   "cell_type": "code",
   "execution_count": 21,
   "id": "c79a183a-4e49-4702-b850-5571f0a8ac8a",
   "metadata": {},
   "outputs": [
    {
     "data": {
      "text/plain": [
       "array([[ 0.30471708, -1.95103519, -0.01680116],\n",
       "       [-1.03998411, -1.30217951, -0.85304393],\n",
       "       [ 0.7504512 ,  0.1278404 ,  0.87939797],\n",
       "       [ 0.94056472, -0.31624259,  0.77779194]])"
      ]
     },
     "execution_count": 21,
     "metadata": {},
     "output_type": "execute_result"
    }
   ],
   "source": [
    "np.transpose(ndarray)"
   ]
  },
  {
   "cell_type": "code",
   "execution_count": 23,
   "id": "6e6965e2-2fc5-4384-89da-22cfdefbc466",
   "metadata": {},
   "outputs": [
    {
     "data": {
      "text/plain": [
       "(4, 3)"
      ]
     },
     "execution_count": 23,
     "metadata": {},
     "output_type": "execute_result"
    }
   ],
   "source": [
    "transpose_ndarray = _\n",
    "transpose_ndarray.shape"
   ]
  },
  {
   "cell_type": "code",
   "execution_count": 24,
   "id": "87489302-3b9d-45ca-b481-97afd9e0ae7c",
   "metadata": {},
   "outputs": [
    {
     "data": {
      "text/plain": [
       "array([[ 0.30471708, -1.95103519, -0.01680116],\n",
       "       [-1.03998411, -1.30217951, -0.85304393],\n",
       "       [ 0.7504512 ,  0.1278404 ,  0.87939797],\n",
       "       [ 0.94056472, -0.31624259,  0.77779194]])"
      ]
     },
     "execution_count": 24,
     "metadata": {},
     "output_type": "execute_result"
    }
   ],
   "source": [
    "ndarray.T"
   ]
  },
  {
   "cell_type": "code",
   "execution_count": 26,
   "id": "bcd31c41-6f68-4e05-af2d-0d2f1f615851",
   "metadata": {},
   "outputs": [
    {
     "data": {
      "text/plain": [
       "(3, 4, 5)"
      ]
     },
     "execution_count": 26,
     "metadata": {},
     "output_type": "execute_result"
    }
   ],
   "source": [
    "ndarray = rng.standard_normal((3, 4, 5))\n",
    "ndarray.shape"
   ]
  },
  {
   "cell_type": "code",
   "execution_count": 27,
   "id": "d5f043ab-52c7-4e9a-9e45-d762fe88c488",
   "metadata": {},
   "outputs": [
    {
     "data": {
      "text/plain": [
       "(5, 4, 3)"
      ]
     },
     "execution_count": 27,
     "metadata": {},
     "output_type": "execute_result"
    }
   ],
   "source": [
    "ndarray.T.shape"
   ]
  },
  {
   "cell_type": "code",
   "execution_count": null,
   "id": "b2cb5775-2220-4127-8d56-3a06b9f696c6",
   "metadata": {},
   "outputs": [],
   "source": []
  }
 ],
 "metadata": {
  "kernelspec": {
   "display_name": "Python 3 (ipykernel)",
   "language": "python",
   "name": "python3"
  },
  "language_info": {
   "codemirror_mode": {
    "name": "ipython",
    "version": 3
   },
   "file_extension": ".py",
   "mimetype": "text/x-python",
   "name": "python",
   "nbconvert_exporter": "python",
   "pygments_lexer": "ipython3",
   "version": "3.11.6"
  }
 },
 "nbformat": 4,
 "nbformat_minor": 5
}
